600000 浦发银行 日线
      日期	    开盘	    最高	    最低	    收盘	    成交量	    成交额
20091202,12.12,12.36,11.99,12.12,107580552,2408399360.000
20091203,12.09,12.12,11.90,12.02,77631140,1710909824.000
20091204,11.97,12.73,11.81,12.67,222338091,5046217216.000
20091207,12.55,12.75,12.48,12.56,119439789,2754108416.000
20091208,12.49,12.53,12.12,12.23,99206483,2239579392.000
20091209,12.02,12.17,11.87,11.90,79186495,1748618752.000
20091210,12.00,12.16,11.90,12.01,58919360,1303738112.000
20091211,12.03,12.20,11.93,12.02,53930882,1196549248.000
20091214,11.96,12.41,11.63,12.23,104166478,2301910016.000
20091215,12.16,12.17,11.90,11.96,76400332,1690837376.000
20091216,11.88,12.12,11.81,11.88,53726159,1182517376.000
20091217,11.92,12.00,11.59,11.60,66025413,1427880192.000
20091218,11.48,11.54,11.17,11.20,81913851,1714934528.000
20091221,11.20,11.37,11.02,11.16,52652452,1086313984.000
20091222,11.22,11.24,10.77,10.78,66346166,1345496320.000
20091223,10.81,10.89,10.65,10.81,60337285,1207636096.000
20091224,10.87,11.20,10.73,11.18,85472309,1739342080.000
20091225,11.07,11.11,10.89,10.98,68235443,1391448832.000
20091228,10.98,11.35,10.98,11.23,61096581,1268589696.000
20091229,11.24,11.34,11.13,11.32,49378732,1026943616.000
20091230,11.35,11.81,11.31,11.74,110775807,2377963520.000
20091231,11.80,11.88,11.66,11.77,63296649,1371680512.000
20100104,11.86,11.88,11.46,11.48,66191338,1419984128.000
20100105,11.61,11.71,11.24,11.57,115147943,2436890880.000
20100106,11.54,11.54,11.29,11.32,96782575,2034174080.000
20100107,11.29,11.39,10.95,11.04,85236072,1761800960.000
20100108,10.97,11.25,10.95,11.18,65707646,1349532416.000
20100111,11.72,11.84,11.11,11.18,116304812,2456818944.000
20100112,11.15,11.35,10.93,11.25,82351139,1691919872.000
20100113,10.92,10.98,10.65,10.67,146399684,2930936832.000
20100114,10.70,10.78,10.56,10.75,77340771,1535655424.000
20100115,10.78,10.92,10.61,10.80,69183668,1384564608.000
20100118,10.72,10.94,10.70,10.91,69940218,1408342656.000
20100119,10.92,11.12,10.90,10.98,69966139,1428370688.000
20100120,11.02,11.09,10.54,10.65,80776510,1612704768.000
20100121,10.70,11.11,10.63,11.05,93418186,1888959488.000
20100122,10.89,11.42,10.78,11.31,154445976,3188523776.000
20100125,11.10,11.35,11.02,11.04,80232725,1658596992.000
20100126,11.06,11.31,10.87,11.18,91936559,1885519232.000
20100127,11.17,11.25,10.64,10.69,94264363,1898605056.000
20100128,10.64,10.68,10.41,10.59,58691704,1152620160.000
20100129,10.54,10.80,10.46,10.55,53690104,1062334272.000
20100201,10.55,10.55,10.18,10.31,51669420,994322880.000
20100202,10.38,10.59,10.28,10.32,48969591,951736960.000
20100203,10.36,10.73,10.19,10.71,76493075,1499985408.000
20100204,10.54,10.71,10.54,10.57,46162099,909308992.000
20100205,10.30,10.58,10.28,10.43,43895954,850183296.000
20100208,10.45,10.48,10.23,10.31,37230982,716731648.000
20100209,10.30,10.47,10.28,10.43,26496190,513741760.000
20100210,10.53,10.62,10.48,10.58,30709495,602686016.000
20100211,10.59,10.65,10.53,10.56,27375492,538434176.000
20100212,10.61,10.70,10.57,10.66,29682512,587217280.000
20100222,10.61,10.69,10.52,10.58,33430729,659002496.000
20100223,10.57,10.57,10.33,10.47,30570947,593524992.000
20100224,10.39,10.58,10.32,10.57,38978358,758532864.000
20100225,10.62,11.25,10.62,11.21,194475975,3998875392.000
20100311,11.36,11.84,11.31,11.54,230271759,4943091200.000
20100312,11.55,11.67,11.38,11.39,74911752,1595763968.000
20100315,11.36,11.45,11.12,11.17,58127318,1208927232.000
20100316,11.15,11.48,11.07,11.48,56343015,1176059904.000
20100317,11.50,11.81,11.33,11.76,90740415,1945888256.000
20100318,11.75,12.08,11.69,11.78,88983821,1948256896.000
20100319,11.85,11.98,11.66,11.84,44756709,974278016.000
20100322,11.87,12.16,11.87,12.08,96636042,2147457152.000
20100323,12.10,12.21,11.89,11.96,62566261,1386852352.000
20100324,11.99,12.19,11.96,11.97,51092919,1134210304.000
20100325,11.93,11.93,11.64,11.73,52512296,1139337600.000
20100326,11.67,12.26,11.67,12.11,82497766,1834668544.000
20100329,12.22,12.62,12.14,12.54,139499328,3200058624.000
20100331,12.59,12.60,12.37,12.42,54201365,1237976704.000
20100401,12.41,12.62,12.34,12.46,58179154,1330514432.000
20100402,12.46,12.61,12.43,12.49,40777535,934433152.000
20100406,12.58,12.77,12.49,12.54,53809591,1243971968.000
20100407,12.55,12.60,12.28,12.42,50601633,1150564480.000
20100408,12.25,12.53,12.25,12.30,46876305,1063340608.000
20100409,12.31,12.56,12.31,12.51,38392741,876658048.000
20100412,12.55,12.58,12.08,12.21,57895624,1306221440.000
20100413,12.19,12.62,12.10,12.57,84063856,1920139776.000
20100414,12.62,12.62,12.41,12.48,38865502,889428480.000
20100415,12.52,12.54,12.25,12.41,42311790,961485312.000
20100416,12.35,12.36,11.97,11.99,54964770,1223884928.000
20100419,11.77,11.77,11.06,11.10,123269959,2578443264.000
20100420,11.10,11.19,10.77,11.09,63866293,1299015808.000
20100421,11.04,11.30,10.94,11.28,55737608,1148974976.000
20100422,11.18,11.18,10.82,10.88,69600677,1410303104.000
20100423,10.89,11.28,10.74,11.00,83772876,1704941952.000
20100426,11.02,11.24,10.90,11.04,46179483,949350080.000
20100427,10.93,10.99,10.64,10.84,57834285,1160690560.000
20100429,10.92,11.13,10.87,10.88,54096309,1103099392.000
20100430,10.95,11.15,10.87,11.12,52265741,1070286784.000
20100504,10.90,11.11,10.71,10.88,46170463,933963136.000
20100505,10.74,10.98,10.58,10.96,54733838,1092883200.000
20100506,10.83,10.83,10.18,10.20,74669511,1455622784.000
20100507,9.98,10.23,9.86,9.91,61558279,1154038784.000
20100510,10.02,10.27,9.88,10.17,45360001,855166080.000
20100511,10.44,10.49,9.88,10.03,59396296,1134347392.000
20100512,9.87,10.32,9.84,10.29,81130496,1535265024.000
20100513,10.24,10.75,10.18,10.60,78035578,1526868736.000
20100514,10.48,10.56,10.32,10.42,38321249,744352320.000
20100517,10.28,10.28,9.94,9.98,43804793,822883392.000
20100518,10.02,10.48,10.02,10.39,62168559,1190275840.000
20100519,10.28,10.58,10.18,10.33,40046627,774847552.000
20100520,10.24,10.45,10.06,10.13,38877427,740314176.000
20100521,9.87,10.36,9.83,10.32,40777827,771270528.000
20100524,10.41,10.77,10.41,10.62,61911238,1221387648.000
20100525,10.54,10.57,10.17,10.26,52506336,1010824704.000
20100526,10.31,10.41,10.15,10.25,25592461,489097248.000
20100527,10.23,10.37,10.06,10.36,31281232,598110784.000
20100528,10.49,10.54,10.20,10.26,32337600,623966144.000
20100531,10.12,10.25,9.88,9.91,51779891,972373568.000
20100601,9.87,10.02,9.77,9.84,41838832,771511552.000
20100602,9.81,9.87,9.63,9.83,31485389,575726784.000
20100603,9.88,9.94,9.68,9.71,41470018,761913856.000
20100604,9.67,9.75,9.62,9.69,28804637,522316736.000
20100607,9.53,9.62,9.35,9.38,47409887,842961728.000
20100608,9.41,9.48,9.10,9.23,40051743,701941312.000
20100609,9.29,9.91,9.10,9.88,93220918,1677856512.000
20100610,9.57,9.80,9.53,9.57,52437769,725462720.000
20100611,9.62,9.93,9.57,9.66,63179327,880845056.000
20100617,9.73,9.90,9.62,9.68,47895735,667865280.000
20100618,9.69,9.95,9.63,9.72,65781891,922043264.000
20100621,9.80,10.29,9.68,10.17,98921549,1418075392.000
20100622,10.12,10.31,10.07,10.17,43036535,623676480.000
20100623,10.10,10.20,9.87,9.99,39150500,558300864.000
20100624,9.96,10.18,9.83,10.06,34387096,492785952.000
20100625,9.99,10.17,9.95,10.10,32535651,467122592.000
20100628,10.10,10.30,9.97,10.13,48930056,708587776.000
20100629,10.14,10.18,9.60,9.61,65494721,921508608.000
20100630,9.56,9.69,9.43,9.49,34558958,473254400.000
20100701,9.46,9.64,9.40,9.41,32989253,448251008.000
20100702,9.45,9.55,9.13,9.54,44785293,602308800.000
20100705,9.37,9.60,9.19,9.43,35989580,485101376.000
20100706,9.44,9.68,9.37,9.67,50169905,685881920.000
20100707,9.60,9.67,9.49,9.61,33977340,465516544.000
20100708,9.70,9.84,9.59,9.63,45101784,626025792.000
20100709,9.65,10.17,9.56,9.97,76856389,1085618816.000
20100712,9.97,10.30,9.91,10.13,58299174,841572608.000
20100713,9.96,10.08,9.84,9.93,44913760,636641728.000
20100714,9.97,10.29,9.97,10.11,60363343,871449984.000
20100715,10.11,10.27,9.85,9.87,47460309,678620864.000
20100716,9.80,9.97,9.72,9.91,40892325,573948224.000
20100719,9.85,10.28,9.78,10.20,65708689,947603776.000
20100720,10.25,10.53,10.18,10.30,79072757,1165343104.000
20100721,10.32,10.36,10.19,10.30,44902488,656426752.000
20100722,10.25,10.45,10.17,10.41,56509381,833413440.000
20100723,10.41,10.68,10.36,10.50,76799211,1145633792.000
20100726,10.50,10.57,10.38,10.48,40369550,599720832.000
20100727,10.42,10.42,10.23,10.27,52103320,763432000.000
20100728,10.33,10.67,10.24,10.62,85532236,1277292928.000
20100729,10.64,10.73,10.50,10.63,69649439,1049605504.000
20100730,10.57,10.60,10.46,10.55,33083139,494243456.000
20100802,10.50,10.80,10.47,10.80,65421012,992064192.000
20100803,10.80,10.83,10.49,10.50,62854668,950090560.000
20100804,10.49,10.51,10.21,10.40,75269997,1107946624.000
20100805,10.37,10.37,10.12,10.20,64461099,939332416.000
20100806,10.18,10.37,10.03,10.33,63904291,927585920.000
20100809,10.30,10.41,10.18,10.26,65817780,961880768.000
20100810,10.27,10.33,9.82,9.85,70934886,1019389632.000
20100811,9.83,10.02,9.80,9.89,40185978,567503552.000
20100812,9.78,9.89,9.66,9.71,52092833,725912640.000
20100813,9.74,9.81,9.57,9.79,65122982,902877120.000
20100816,9.73,10.09,9.68,10.03,70298086,995317248.000
20100817,10.03,10.16,9.93,10.11,58280094,834705792.000
20100818,10.12,10.25,9.99,10.03,72467574,1043450944.000
20100819,10.03,10.23,9.90,10.14,88905564,1278554880.000
20100820,10.03,10.22,9.92,9.94,62482199,896280064.000
20100823,9.95,10.24,9.95,10.06,57525198,829524096.000
20100824,10.04,10.21,9.91,10.09,48256463,694908864.000
20100825,10.02,10.05,9.78,9.82,49499195,699447232.000
20100826,9.92,9.94,9.74,9.77,29704170,416241568.000
20100827,9.79,9.90,9.70,9.78,35648958,498344608.000
20100830,9.84,9.95,9.77,9.87,52065218,733619328.000
20100831,9.83,9.90,9.73,9.79,51313006,718625408.000
20100901,9.85,10.06,9.63,9.79,90479283,1270601472.000
20100902,10.01,10.01,9.76,9.85,67694138,952725696.000
20100903,9.85,9.85,9.67,9.76,61894269,860281600.000
20100906,9.80,10.00,9.70,9.97,104581943,1478452480.000
20100907,9.99,10.06,9.83,9.92,58235840,825884800.000
20100908,9.83,9.85,9.64,9.71,86168491,1196825856.000
20100909,9.71,9.72,9.37,9.44,111465647,1518435840.000
20100910,9.45,9.50,9.26,9.42,53410553,718666816.000
20100913,9.37,9.53,9.26,9.40,72412342,973891200.000
20100914,9.47,9.54,9.34,9.41,61653853,837069888.000
20100915,9.43,9.43,9.26,9.28,44861148,598976960.000
20100916,9.26,9.26,8.95,9.04,73439103,962141568.000
20100917,9.10,9.13,8.95,9.00,43280633,561810752.000
20100921,9.03,9.10,8.93,8.98,33671474,435800768.000
20100927,9.03,9.04,8.94,8.97,43203690,558528384.000
20100928,8.97,8.97,8.70,8.70,63988129,812414080.000
20100929,8.41,8.79,8.35,8.63,79916494,997197184.000
20100930,8.54,9.02,8.50,9.00,76420556,979547200.000
20101008,9.10,9.39,8.92,9.30,99243331,1315643008.000
20101011,9.31,9.83,9.30,9.71,168240264,2318100736.000
20101012,9.67,9.78,9.57,9.77,108929191,1510045056.000
20101013,9.77,10.17,9.70,10.13,211717370,3007557120.000
20101014,10.19,10.57,10.06,10.10,219500516,3224286976.000
20101015,10.04,10.79,10.02,10.76,282011075,4209289472.000
20101018,11.03,11.30,10.73,10.83,267097716,4152881152.000
20101019,10.83,10.87,10.57,10.84,144202185,2190463488.000
20101020,10.74,11.14,10.64,10.77,185767858,2865243904.000
20101021,10.77,10.79,10.22,10.33,150426073,2232984832.000
20101022,10.29,10.37,10.09,10.22,109896506,1596056448.000
20101025,10.24,10.53,9.98,10.35,143474639,2098193280.000
20101026,10.38,10.54,10.10,10.27,107789175,1582273792.000
20101027,10.23,10.55,10.10,10.13,121544448,1780283776.000
20101028,10.13,10.33,10.00,10.23,99319456,1438269056.000
20101029,10.32,10.32,10.03,10.17,97225797,1407668608.000
20101101,10.19,10.37,10.16,10.30,116241177,1695574784.000
20101102,10.30,10.40,10.00,10.18,137575640,1996966912.000
20101103,10.18,10.55,10.07,10.33,192927706,2844550912.000
20101104,10.37,10.43,10.18,10.33,159439685,2340672512.000
20101105,10.46,10.52,10.24,10.35,148253623,2178617088.000
20101108,10.40,10.66,10.37,10.50,158999856,2373788672.000
20101109,10.53,10.57,10.10,10.19,168692580,2472861440.000
20101110,10.14,10.14,9.78,9.89,185659480,2623791360.000
20101111,9.88,10.14,9.83,9.98,140741160,1997773568.000
20101112,9.90,9.90,9.30,9.32,162468793,2234619136.000
20101115,9.37,9.48,9.15,9.43,102330904,1361157760.000
20101116,9.33,9.34,9.00,9.05,101346354,1333616512.000
20101117,8.97,9.30,8.91,9.13,88936367,1168116352.000
20101118,9.22,9.27,9.07,9.17,51868061,683851008.000
20101119,9.21,9.23,8.92,9.12,80225581,1047077120.000
20101122,8.95,9.05,8.87,8.93,81871304,1055428736.000
20101123,8.90,8.90,8.66,8.77,82534428,1044622784.000
20101124,8.76,8.97,8.75,8.87,59367417,759510272.000
20101125,8.95,9.08,8.79,9.03,85551206,1103140736.000
20101126,9.10,9.18,8.96,9.06,72170185,941692416.000
20101129,9.00,9.07,8.90,9.00,44456207,574483840.000
20101130,8.97,9.01,8.67,8.79,70465506,896825472.000
20101201,8.77,8.89,8.73,8.83,31699307,403667360.000
20101202,8.99,9.00,8.83,8.87,46735608,601006336.000
20101203,8.88,8.94,8.82,8.89,33562275,430350144.000
20101206,8.93,9.12,8.88,9.07,67233922,873902656.000
20101207,9.03,9.11,8.93,9.07,50371023,653787584.000
20101208,9.06,9.08,8.93,8.96,46375216,600882752.000
20101209,8.91,8.92,8.78,8.80,50052445,638381504.000
20101210,8.75,8.91,8.74,8.86,33921914,431884192.000
20101213,8.90,9.05,8.82,9.03,83881971,1078465152.000
20101214,9.03,9.10,8.93,8.99,54829480,711605440.000
20101215,9.00,9.08,8.96,8.98,72040472,935727296.000
20101216,8.97,8.98,8.82,8.87,60753484,779685312.000
20101217,8.86,8.86,8.77,8.81,57386953,728978368.000
20101220,8.83,8.83,8.50,8.59,91831797,1147808512.000
20101221,8.60,8.93,8.53,8.87,97255977,1230271104.000
20101222,8.86,8.91,8.64,8.67,58037506,734623616.000
20101223,8.70,9.03,8.63,8.80,85513637,1090345600.000
20101224,8.72,8.93,8.67,8.83,61330576,782233344.000
20101227,8.96,9.01,8.63,8.65,62916617,800835200.000
20101228,8.64,8.78,8.53,8.55,50643978,634014720.000
20101229,8.58,8.65,8.49,8.56,43781538,541086528.000
20101230,8.57,8.62,8.40,8.50,49486273,609301312.000
20101231,8.51,8.57,8.45,8.56,70100841,863181184.000
20110104,8.58,8.78,8.49,8.73,104301454,1307174912.000
20110105,8.80,8.96,8.74,8.80,107014161,1367751424.000
20110106,8.82,8.94,8.72,8.77,63954083,814451712.000
20110107,8.79,9.42,8.70,9.20,278797594,3673752832.000
20110110,9.11,9.29,8.97,9.08,128007500,1679801984.000
20110111,9.03,9.35,9.03,9.33,114502560,1518387968.000
20110112,9.37,9.41,9.19,9.40,103066730,1380549760.000
20110113,9.40,9.45,9.28,9.29,55412160,743119680.000
20110114,9.25,9.25,9.08,9.13,58900525,775149760.000
20110117,9.00,9.10,8.57,8.73,85126256,1090523008.000
20110118,8.70,8.86,8.66,8.79,39880973,505302336.000
20110119,8.80,8.90,8.70,8.89,39144999,497010144.000
20110120,8.85,8.88,8.62,8.63,45362809,571579136.000
20110121,8.63,9.17,8.63,8.83,69001299,884042048.000
20110124,8.81,8.91,8.73,8.83,40025944,509605600.000
20110125,8.83,8.99,8.77,8.93,49402537,634358528.000
20110126,8.95,8.97,8.89,8.93,32488433,418118016.000
20110127,8.83,8.93,8.65,8.90,69649478,885350208.000
20110128,8.85,8.90,8.71,8.79,53000399,672289536.000
20110131,8.80,8.86,8.72,8.81,52767631,669997056.000
20110201,8.82,8.85,8.76,8.84,41824771,532086944.000
20110209,8.80,8.90,8.71,8.74,50344812,640373696.000
20110210,8.73,8.87,8.70,8.85,47401671,601093824.000
20110211,8.83,8.86,8.74,8.83,86524659,1097943936.000
20110214,8.82,9.18,8.81,9.13,155522887,2025335168.000
20110215,9.14,9.18,9.03,9.05,111743067,1462480128.000
20110216,9.01,9.04,8.93,9.00,108130990,1399038848.000
20110217,9.06,9.19,9.01,9.09,107896347,1410869120.000
20110218,9.06,9.17,8.96,9.06,68116200,887867072.000
20110221,8.97,9.04,8.92,9.03,76184521,985182784.000
20110222,9.02,9.02,8.72,8.76,93354989,1190287232.000
20110223,8.73,8.82,8.65,8.73,66811755,842434368.000
20110224,8.72,8.73,8.63,8.72,97281919,1219329408.000
20110225,8.71,8.84,8.66,8.76,61226468,773953728.000
20110228,8.76,8.83,8.68,8.80,50718950,642186240.000
20110301,8.82,9.03,8.82,8.99,128630210,1658382848.000
20110302,8.93,9.29,8.90,9.17,198210460,2605382400.000
20110303,9.17,9.63,9.17,9.37,263696326,3550340352.000
20110304,9.33,9.48,9.28,9.46,120797971,1626377344.000
20110307,9.47,9.66,9.39,9.50,121331696,1655652992.000
20110308,9.48,9.66,9.44,9.51,95174193,1301033088.000
20110309,9.55,9.63,9.47,9.50,75569415,1034222208.000
20110310,9.47,9.47,9.19,9.21,94145605,1256350976.000
20110311,9.20,9.25,9.04,9.10,64682922,851985600.000
20110314,9.10,9.19,9.08,9.12,44064900,578145216.000
20110315,9.09,9.09,8.83,8.96,92725768,1193536384.000
20110316,8.94,9.09,8.89,9.03,62901816,814120000.000
20110317,8.93,9.00,8.88,8.92,46829496,602924288.000
20110318,8.99,9.05,8.91,8.95,43770807,566212736.000
20110321,8.95,9.07,8.92,8.98,46708141,604983296.000
20110322,9.01,9.27,8.90,9.17,70018764,919016000.000
20110323,9.14,9.32,9.11,9.24,56238253,746472064.000
20110324,9.26,9.32,9.12,9.17,39629180,523824416.000
20110325,9.19,9.47,9.19,9.33,83143551,1116145920.000
20110328,9.45,9.57,9.34,9.37,89692561,1219766912.000
20110329,9.39,9.68,9.38,9.50,116597369,1593941120.000
20110330,9.59,9.80,9.53,9.68,171723152,2380731136.000
20110331,9.68,9.72,9.42,9.50,78290829,1072999168.000
20110401,9.49,9.93,9.49,9.90,139484638,1947168640.000
20110406,9.91,10.26,9.91,10.25,191242695,2768155392.000
20110407,10.24,10.33,10.16,10.22,98951023,1443643904.000
20110408,10.20,10.33,10.10,10.20,68431749,995248768.000
20110411,10.23,10.49,10.17,10.20,120906813,1775882496.000
20110412,10.17,10.31,10.02,10.13,87681115,1271603456.000
20110413,10.06,10.60,10.05,10.56,114475526,1677223680.000
20110414,10.63,10.77,10.50,10.53,126396923,1907393152.000
20110415,10.49,10.68,10.41,10.63,72972838,1095421312.000
20110418,10.57,10.72,10.49,10.57,79681035,1200582144.000
20110419,10.45,10.57,10.23,10.23,85498252,1261580032.000
20110420,10.26,10.41,10.11,10.19,60869160,887371136.000
20110421,10.28,10.41,10.17,10.22,56955897,832686400.000
20110422,10.22,10.30,10.09,10.14,47599632,690125824.000
20110425,10.23,10.36,10.10,10.21,75979221,1108066432.000
20110426,10.24,10.38,10.18,10.37,84160008,1234241152.000
20110427,10.43,10.56,10.14,10.27,97470766,1439938944.000
20110429,10.33,10.37,9.80,10.01,101688583,1452649728.000
20110503,9.98,10.11,9.89,10.02,47035506,673472576.000
20110504,9.95,10.08,9.60,9.67,81001236,1132838528.000
20110505,9.60,9.79,9.51,9.70,46974559,650093888.000
20110506,9.58,9.77,9.53,9.66,36757391,508740032.000
20110509,9.64,9.77,9.57,9.61,30554676,422490272.000
20110510,9.64,9.79,9.57,9.77,36795361,511163680.000
20110511,9.77,9.83,9.65,9.70,27344003,380898272.000
20110512,9.65,9.75,9.52,9.53,37059483,511077952.000
20110513,9.55,9.67,9.40,9.67,52149614,712045056.000
20110516,9.60,9.73,9.55,9.56,37488832,517163712.000
20110517,9.57,9.80,9.50,9.73,48282261,669260992.000
20110518,9.71,9.97,9.67,9.91,54624469,770723072.000
20110519,9.93,10.04,9.87,9.90,44471117,632129344.000
20110520,9.90,10.07,9.87,9.98,51652211,736778816.000
20110523,9.93,9.97,9.64,9.69,49529764,690545344.000
20110524,9.66,9.75,9.63,9.68,33302192,462259456.000
20110525,9.66,9.69,9.47,9.49,30456437,417290080.000
20110526,9.57,9.60,9.46,9.53,32165477,439304192.000
20110527,9.55,9.71,9.47,9.56,42690707,586884288.000
20110530,9.53,9.69,9.47,9.64,32773527,450312960.000
20110531,9.65,9.70,9.52,9.69,54862272,754258688.000
20110601,9.64,9.70,9.56,9.60,43373105,597661120.000
20110602,9.49,9.53,9.08,9.19,78054220,1039092736.000
20110603,9.17,9.29,9.15,9.24,38481953,387260352.000
20110607,9.19,9.28,9.13,9.25,32112692,322851680.000
20110608,9.26,9.27,8.93,9.07,71399603,705901440.000
20110609,9.05,9.05,8.82,8.84,50650154,494816800.000
20110610,8.86,8.95,8.83,8.89,41514189,403650880.000
20110613,8.85,8.98,8.77,8.94,33499528,325257120.000
20110614,8.93,9.19,8.88,9.07,59763717,594459904.000
20110615,9.05,9.05,8.84,8.87,50642541,494521280.000
20110616,8.82,8.86,8.74,8.76,43684110,420806048.000
20110617,8.76,8.84,8.70,8.71,38151775,367427552.000
20110620,8.70,8.82,8.66,8.80,49155845,471826240.000
20110621,8.81,8.87,8.78,8.83,44032371,426182656.000
20110622,8.88,8.88,8.72,8.78,44402682,428768704.000
20110623,8.77,8.94,8.65,8.89,51462993,496177920.000
20110624,8.84,9.33,8.82,9.25,108608292,1083590784.000
20110627,9.25,9.36,9.15,9.22,61879841,624566464.000
20110628,9.22,9.23,9.04,9.15,48625916,485148832.000
20110629,9.15,9.19,8.89,8.91,92115792,906629888.000
20110630,8.93,9.12,8.89,8.99,89477914,880212544.000
20110701,9.00,9.01,8.80,8.89,84950358,829257856.000
20110704,8.94,9.27,8.93,9.25,137704167,1372265472.000
20110705,9.25,9.33,9.14,9.20,79844236,803065792.000
20110706,9.16,9.16,8.95,9.07,78083396,771582208.000
20110707,9.24,9.30,9.05,9.08,110306181,1107281024.000
20110708,9.10,9.40,9.08,9.29,96178652,973144640.000
20110711,9.20,9.28,9.11,9.20,77297565,774789760.000
20110712,9.12,9.17,8.99,9.03,73779698,730710144.000
20110713,9.08,9.23,9.02,9.16,60517246,605053184.000
20110714,9.15,9.25,9.12,9.25,72244581,725394112.000
20110715,9.20,9.29,9.14,9.24,66656003,672068544.000
20110718,9.25,9.25,9.08,9.15,88296134,883661184.000
20110719,9.09,9.11,8.97,9.00,77790440,768616576.000
20110720,9.05,9.09,8.92,8.99,63761031,626819392.000
20110721,8.98,9.00,8.79,8.88,73648903,716204416.000
20110722,8.90,8.93,8.82,8.85,52488395,509417152.000
20110725,8.80,8.82,8.52,8.58,88189088,838678400.000
20110726,8.58,8.70,8.53,8.57,45125010,426214464.000
20110727,8.53,8.57,8.50,8.54,48213160,452508640.000
20110728,8.48,8.49,8.30,8.37,65663811,605993984.000
20110729,8.40,8.76,8.28,8.55,95487760,894864384.000
20110801,8.48,8.61,8.42,8.47,44930056,420409952.000
20110802,8.40,8.46,8.28,8.41,41364988,380816096.000
20110803,8.34,8.46,8.32,8.41,31523822,291253824.000
20110804,8.46,8.55,8.42,8.43,30410552,283911232.000
20110805,8.24,8.30,8.15,8.18,71952165,651685184.000
20110808,8.10,8.24,7.77,7.88,98624718,871891968.000
20110809,7.67,8.10,7.62,8.02,110925176,968666688.000
20110810,8.17,8.23,8.02,8.06,67295852,605242176.000
20110811,7.88,8.30,7.86,8.25,74782511,673428864.000
20110812,8.27,8.30,8.13,8.18,51162640,463907936.000
20110815,8.22,8.54,8.14,8.52,89493443,825023424.000
20110816,8.50,8.66,8.42,8.50,92194078,866602368.000
20110817,8.49,8.56,8.43,8.43,44535594,415370560.000
20110818,8.47,8.48,8.24,8.27,40832235,375402144.000
20110819,8.14,8.23,8.09,8.17,55545006,500195840.000
20110822,8.19,8.30,8.10,8.13,42762550,385779136.000
20110823,8.18,8.34,8.08,8.33,48210876,438712160.000
20110824,8.36,8.49,8.23,8.25,53322202,490717792.000
20110825,8.30,8.68,8.26,8.63,121038880,1135191040.000
20110826,8.57,8.66,8.47,8.61,61998169,584450240.000
20110829,8.44,8.44,8.28,8.33,75330948,693917120.000
20110830,8.40,8.55,8.30,8.34,49166774,456223296.000
20110831,8.33,8.50,8.31,8.44,34349428,318100896.000
20110901,8.46,8.58,8.43,8.52,58506018,548068864.000
20110902,8.50,8.55,8.35,8.44,32039819,297248800.000
20110905,8.35,8.37,8.26,8.30,30840689,282591744.000
20110906,8.24,8.37,8.18,8.26,42139539,384694368.000
20110907,8.28,8.53,8.23,8.44,40598521,374413888.000
20110908,8.45,8.48,8.35,8.41,28413650,263397216.000
20110909,8.45,8.56,8.37,8.45,38055811,354331616.000
20110913,8.33,8.37,8.27,8.30,27627217,252939808.000
20110914,8.35,8.36,8.09,8.25,50592099,457967168.000
20110915,8.25,8.32,8.09,8.10,56765027,512651840.000
20110916,8.17,8.22,8.10,8.13,42224050,380213984.000
20110919,8.06,8.07,7.94,7.96,41510239,366080576.000
20110920,7.95,8.07,7.88,8.01,34551618,305251360.000
20110921,8.01,8.37,7.91,8.24,70353056,635069888.000
20110922,8.16,8.17,7.95,7.97,53791988,479557632.000
20110923,7.86,7.96,7.76,7.88,54164832,470756864.000
20110926,7.80,7.87,7.55,7.59,81748380,697436160.000
20110927,7.67,7.73,7.63,7.67,40252611,343008384.000
20110928,7.74,7.75,7.55,7.58,42407399,360008928.000
20110929,7.54,7.67,7.48,7.60,43757787,369392512.000
20110930,7.63,7.79,7.59,7.69,60468787,515663936.000
20111010,7.67,7.71,7.56,7.57,32428434,274365568.000
20111011,7.93,7.93,7.63,7.72,59130344,511050464.000
20111012,7.69,8.07,7.64,8.00,89412222,787072832.000
20111013,7.97,8.09,7.91,8.02,51298778,453963296.000
20111014,7.99,8.03,7.88,7.98,40504198,356399904.000
20111017,7.99,8.20,7.97,8.07,46009758,410848352.000
20111018,8.00,8.05,7.90,7.93,41115344,362177728.000
20111019,7.93,8.07,7.90,7.99,36188377,319545728.000
20111020,7.92,8.01,7.79,7.88,50658455,443175232.000
20111021,7.90,8.12,7.85,8.04,59306969,526976704.000
20111024,8.06,8.36,8.02,8.31,94932084,864185472.000
20111025,8.33,8.40,8.23,8.31,66314936,608223040.000
20111026,8.28,8.45,8.20,8.33,68454846,631301568.000
20111027,8.41,8.50,8.36,8.41,45585827,422360448.000
20111028,8.55,8.70,8.41,8.53,82502754,775731712.000
20111031,8.50,8.50,8.31,8.36,50778832,468747744.000
20111101,8.30,8.49,8.26,8.33,57198902,527513056.000
20111102,8.23,8.52,8.19,8.51,59397848,546059776.000
20111103,8.53,8.54,8.37,8.39,84349601,785658944.000
20111104,8.50,8.51,8.38,8.46,42565042,395922336.000
20111107,8.40,8.43,8.31,8.33,32870037,302777632.000
20111108,8.39,8.45,8.29,8.36,31693301,291603584.000
20111109,8.39,8.44,8.33,8.42,27951632,257975136.000
20111110,8.35,8.40,8.19,8.20,46636157,426657152.000
20111111,8.21,8.32,8.20,8.23,25261827,230005504.000
20111114,8.33,8.42,8.28,8.36,42296963,389371104.000
20111115,8.35,8.37,8.28,8.33,30013432,275179264.000
20111116,8.33,8.33,8.02,8.07,64028631,576115136.000
20111117,8.09,8.12,7.99,8.01,32007465,284590464.000
20111118,7.95,8.04,7.91,7.95,36819930,324198784.000
20111121,7.99,8.00,7.82,7.89,32355327,281903840.000
20111122,7.85,7.96,7.83,7.90,30669913,268099632.000
20111123,7.91,7.92,7.77,7.84,26370231,228822400.000
20111124,7.77,7.91,7.75,7.85,24460075,212634672.000
20111125,7.85,7.87,7.75,7.77,21366538,184856608.000
20111128,7.78,7.83,7.72,7.75,23967739,206431568.000
20111129,7.81,7.89,7.77,7.88,25960610,225388352.000
20111130,7.84,7.88,7.62,7.65,44971839,384658400.000
20111201,7.89,8.10,7.88,7.96,89049077,787219136.000
20111202,7.93,8.00,7.86,7.95,38638133,339557376.000
20111205,7.99,8.06,7.78,7.95,40188321,354439392.000
20111206,7.91,7.99,7.85,7.88,26440305,232129312.000
20111207,7.89,7.98,7.85,7.93,23350899,204935328.000
20111208,7.93,7.98,7.83,7.93,21909676,191759968.000
20111209,7.88,7.93,7.79,7.85,29514000,257109792.000
20111212,7.83,7.89,7.79,7.81,23035328,200109776.000
20111213,7.79,7.87,7.71,7.73,47600711,412160768.000
20111214,7.72,7.80,7.69,7.75,27334982,235202160.000
20111215,7.71,7.77,7.63,7.64,41518789,354799712.000
20111216,7.66,7.80,7.64,7.77,37730295,322463296.000
20111219,7.72,7.79,7.52,7.76,45264959,384672672.000
20111220,7.73,7.90,7.71,7.74,38376971,331731072.000
20111221,7.81,7.87,7.65,7.68,41637650,359681312.000
20111222,7.64,7.74,7.60,7.68,42682705,363453856.000
20111223,7.69,7.76,7.64,7.69,23263186,198890336.000
20111226,7.67,7.71,7.57,7.62,31788769,269877056.000
20111227,7.62,7.68,7.55,7.59,31075676,262876944.000
20111228,7.58,7.61,7.40,7.53,42011046,351109632.000
20111229,7.50,7.53,7.44,7.50,40055045,333839360.000
20111230,7.54,7.66,7.53,7.64,52982530,448339744.000
20120104,7.69,7.71,7.54,7.56,34201379,290229536.000
20120105,7.62,7.97,7.62,7.80,132116203,1144753024.000
20120106,7.78,7.93,7.77,7.86,61778687,537043776.000
20120109,7.87,8.14,7.83,8.10,80136249,711429632.000
20120110,8.10,8.25,8.03,8.22,72004632,647206656.000
20120111,8.20,8.25,8.13,8.15,49261157,444366560.000
20120112,8.15,8.36,8.14,8.24,60486981,551261440.000
20120113,8.26,8.33,8.12,8.19,56725332,514638080.000
20120116,8.15,8.27,8.11,8.12,33100160,299225056.000
20120117,8.15,8.41,7.94,8.35,97357263,876457408.000
20120118,8.31,8.38,8.15,8.19,58089289,529288096.000
20120119,8.20,8.37,8.17,8.35,68645571,628781824.000
20120120,8.40,8.58,8.32,8.57,95052703,883450368.000
20120130,8.55,8.56,8.35,8.37,71883155,668276672.000
20120131,8.39,8.43,8.31,8.37,35464104,326763264.000
20120201,8.35,8.41,8.20,8.23,39647888,362716576.000
20120202,8.27,8.57,8.23,8.55,87973331,816297536.000
20120203,8.50,8.65,8.47,8.59,97135312,914988416.000
20120206,8.61,8.66,8.44,8.54,63691281,599080960.000
20120207,8.47,8.51,8.33,8.39,51391402,475945760.000
20120208,8.38,8.63,8.38,8.60,64270717,602796544.000
20120209,8.60,8.63,8.51,8.55,50273854,473358240.000
20120210,8.51,8.63,8.47,8.52,51836488,487049472.000
20120213,8.40,8.52,8.33,8.42,49204966,456411680.000
20120214,8.39,8.43,8.28,8.34,53024869,487049248.000
20120215,8.31,8.44,8.29,8.38,55064760,507511360.000
20120216,8.40,8.43,8.29,8.34,47501799,437494048.000
20120217,8.40,8.46,8.35,8.41,41743292,386595872.000
20120220,8.56,8.56,8.40,8.41,57740009,539245888.000
20120221,8.42,8.46,8.35,8.43,42757386,395923936.000
20120222,8.43,8.51,8.35,8.47,81447790,755732416.000
20120223,8.47,8.55,8.43,8.48,87754888,818404864.000
20120224,8.50,8.68,8.46,8.66,128341832,1207795584.000
20120227,8.72,8.77,8.60,8.63,126664015,1206459776.000
20120228,8.63,8.85,8.61,8.81,136121116,1308533888.000
20120229,8.82,8.82,8.66,8.69,77757837,745267136.000
20120301,8.65,8.74,8.64,8.70,46237868,441399328.000
20120302,8.70,8.85,8.69,8.84,74013187,711842944.000
20120305,8.89,8.90,8.73,8.73,66098035,638459392.000
20120306,8.68,8.76,8.56,8.59,68450355,650629568.000
20120307,8.54,8.59,8.48,8.49,51077237,479615296.000
20120308,8.54,8.65,8.52,8.61,54828552,517039328.000
20120309,8.62,8.66,8.57,8.62,47510501,449318752.000
20120312,8.59,8.60,8.48,8.53,52784386,494779968.000
20120313,8.54,8.68,8.50,8.62,61430150,582028864.000
20120314,8.68,8.76,8.47,8.51,99280321,940852480.000
20120315,8.51,8.60,8.31,8.34,70673894,661561280.000
20120316,8.40,8.49,8.35,8.40,72584563,672304000.000
20120319,8.41,8.47,8.39,8.43,50228036,466395776.000
20120320,8.40,8.41,8.27,8.27,62725576,575220544.000
20120321,8.33,8.34,8.17,8.23,51867060,471579968.000
20120322,8.24,8.36,8.18,8.27,38651197,352251200.000
20120323,8.25,8.27,8.17,8.21,35268448,319927040.000
20120326,8.20,8.32,8.20,8.28,33692849,306941856.000
20120327,8.30,8.32,8.23,8.27,27294640,249025232.000
20120328,8.27,8.29,8.08,8.12,43565307,394701408.000
20120329,8.09,8.15,8.00,8.02,48391415,432068896.000
20120330,8.07,8.12,8.03,8.08,50587012,451335936.000
20120405,8.05,8.10,7.96,8.08,76352001,677374528.000
20120406,8.08,8.11,7.99,8.09,56682481,504458944.000
20120409,8.04,8.09,7.98,7.99,34889828,309720480.000
20120410,8.01,8.08,7.93,8.07,45147000,399088192.000
20120411,8.02,8.10,8.00,8.04,39397074,350489728.000
20120412,8.04,8.29,8.02,8.27,64571634,581979200.000
20120413,8.26,8.30,8.17,8.29,61175666,556243008.000
20120416,8.23,8.27,8.19,8.21,38614798,350463008.000
20120417,8.21,8.24,8.08,8.08,49466011,444391616.000
20120418,8.08,8.29,8.07,8.27,67117990,607091648.000
20120419,8.25,8.31,8.21,8.27,48488000,441712576.000
20120420,8.25,8.47,8.24,8.46,77240835,714085568.000
20120423,8.42,8.48,8.36,8.39,41839068,387763904.000
20120424,8.38,8.70,8.37,8.53,113165453,1065629952.000
20120425,8.49,8.59,8.48,8.50,66489024,623235392.000
20120426,8.57,8.61,8.45,8.52,53826936,503917248.000
20120427,8.54,8.60,8.50,8.56,47114993,443152192.000
20120502,8.63,8.74,8.56,8.71,107696972,1023491904.000
20120503,8.66,8.70,8.57,8.61,60560075,574341312.000
20120504,8.62,8.65,8.54,8.64,71659892,677231232.000
20120507,8.58,8.63,8.49,8.57,82225733,773477056.000
20120508,8.56,8.57,8.43,8.51,86721348,810233984.000
20120509,8.45,8.46,8.33,8.35,65066893,600930048.000
20120510,8.36,8.39,8.26,8.31,67576254,619397952.000
20120511,8.31,8.38,8.27,8.31,35532729,325856896.000
20120514,8.36,8.38,8.21,8.23,70896633,648414464.000
20120515,8.15,8.20,8.13,8.19,60429994,544604544.000
20120516,8.18,8.18,8.04,8.06,75535741,676147520.000
20120517,8.08,8.17,8.05,8.12,43092663,386025728.000
20120518,8.07,8.07,7.97,8.01,61950167,549225600.000
20120521,8.01,8.06,7.98,8.02,46679612,413635872.000
20120522,8.05,8.12,8.03,8.11,67549651,602839680.000
20120523,8.10,8.11,8.00,8.04,61979794,552097472.000
20120524,8.03,8.09,7.96,8.00,49757216,441704160.000
20120525,8.00,8.01,7.92,7.94,45887776,404197696.000
20120528,7.95,8.03,7.92,8.02,52347656,461949312.000
20120529,8.01,8.13,7.97,8.10,93478648,831085312.000
20120530,8.07,8.08,7.94,7.97,88036486,779244032.000
20120531,7.94,7.95,7.90,7.92,67011196,587833152.000
20120601,7.93,7.99,7.90,7.93,42401677,372673952.000
20120604,7.86,7.86,7.73,7.74,69367973,599453504.000
20120605,7.77,7.79,7.70,7.71,69666907,598110592.000
20120606,7.74,7.83,7.70,7.77,49918846,429065888.000
20120607,7.83,7.85,7.68,7.71,48026408,413324672.000
20120608,7.66,7.68,7.46,7.49,140389731,1176530432.000
20120611,7.51,7.53,7.46,7.49,71644862,597652544.000
20120612,7.46,7.50,7.34,7.44,82431224,680814848.000
20120614,7.45,7.49,7.40,7.42,80017463,664166656.000
20120615,7.46,7.68,7.44,7.62,134216053,1129580288.000
20120618,7.62,7.63,7.57,7.61,50212960,424346816.000
20120619,7.62,7.69,7.58,7.64,47008304,398791968.000
20120620,7.69,7.76,7.63,7.65,50000107,427039904.000
20120621,7.66,7.66,7.55,7.59,39423884,332932096.000
20120625,7.57,7.63,7.49,7.50,52706596,443526592.000
20120626,7.52,7.57,7.48,7.51,39982538,323089664.000
20120627,7.51,7.54,7.48,7.50,26966055,217422016.000
20120628,7.50,7.52,7.46,7.46,28876449,232014032.000
20120629,7.49,7.61,7.47,7.58,50974236,412653792.000
20120702,7.60,7.60,7.50,7.54,43691987,353033248.000
20120703,7.54,7.60,7.52,7.54,40080965,324895968.000
20120704,7.55,7.63,7.53,7.57,39552477,321375936.000
20120705,7.56,7.57,7.50,7.52,33635896,271555072.000
20120706,7.37,7.42,7.33,7.42,115797069,917011456.000
20120709,7.38,7.39,7.10,7.12,106535413,829804096.000
20120710,7.12,7.21,7.11,7.15,45089773,347540672.000
20120711,7.14,7.19,7.12,7.16,32425638,249889712.000
20120712,7.16,7.17,7.03,7.12,100909326,770420608.000
20120713,7.11,7.24,7.09,7.18,45202381,349346432.000
20120716,7.20,7.20,7.07,7.08,46584899,358037216.000
20120717,7.10,7.18,7.07,7.14,30224255,232272368.000
20120718,7.14,7.14,7.05,7.12,47630983,363638272.000
20120719,7.10,7.18,7.06,7.14,77344589,594527744.000
20120720,7.12,7.13,7.05,7.06,55545514,423521024.000
20120723,7.02,7.02,6.87,6.90,64501900,480841536.000
20120724,6.88,6.95,6.86,6.91,48389405,360293120.000
20120725,6.88,6.95,6.84,6.86,47580447,353247488.000
20120726,6.85,6.90,6.82,6.85,30350495,224778992.000
20120727,6.87,7.01,6.85,6.94,58500797,438293376.000
20120730,6.97,7.10,6.94,7.01,62142486,470732256.000
20120731,7.02,7.14,7.01,7.11,70118950,535947136.000
20120801,7.12,7.16,7.04,7.10,62270863,476495456.000
20120802,7.13,7.22,7.10,7.20,75444190,581966464.000
20120803,7.19,7.20,7.13,7.19,44045380,339338688.000
20120806,7.18,7.19,7.14,7.17,46411105,358235328.000
20120807,7.17,7.18,7.10,7.14,34912528,268267936.000
20120808,7.15,7.22,7.14,7.18,53821168,416624096.000
20120809,7.20,7.21,7.14,7.20,32490296,251340992.000
20120810,7.24,7.30,7.23,7.25,46782980,365500896.000
20120813,7.25,7.28,7.19,7.20,47282079,368478432.000
20120814,7.21,7.25,7.18,7.25,39743689,308683296.000
20120815,7.25,7.25,7.00,7.03,89555247,683068992.000
20120816,7.04,7.04,6.95,6.98,40630297,306256960.000
20120817,6.97,7.03,6.96,7.00,33322665,251555248.000
20120820,6.97,7.01,6.91,6.97,27038216,202877232.000
20120821,6.96,7.01,6.94,6.96,36268940,272732512.000
20120822,6.97,6.98,6.92,6.97,35326454,264640480.000
20120823,6.96,7.00,6.92,6.97,36366406,273444032.000
20120824,6.97,6.98,6.90,6.94,36963616,277056704.000
20120827,6.90,6.94,6.84,6.85,40334510,300069728.000
20120828,6.88,7.07,6.85,7.05,54763743,411991616.000
20120829,7.01,7.02,6.97,7.00,38419444,289895904.000
20120830,6.95,7.07,6.95,7.06,44804211,339823936.000
20120831,7.03,7.13,7.02,7.06,37255105,284745600.000
20120903,7.08,7.08,6.98,7.03,55393324,419440928.000
20120904,7.01,7.04,6.88,6.91,44361378,332534240.000
20120905,6.89,6.90,6.73,6.77,73135906,536590336.000
20120906,6.79,6.84,6.75,6.83,38370245,281996032.000
20120907,6.87,7.23,6.85,7.05,145971941,1108956800.000
20120910,7.04,7.06,6.98,7.01,63799021,482615584.000
20120911,6.99,6.99,6.88,6.94,50981388,381041952.000
20120912,6.98,7.01,6.87,6.93,41199392,308089952.000
20120913,6.92,6.95,6.89,6.90,28598526,213621168.000
20120914,6.95,7.01,6.89,6.97,60553998,454887776.000
20120917,6.97,6.97,6.85,6.86,39495794,294478240.000
20120918,6.84,6.85,6.79,6.80,29556474,217783072.000
20120919,6.80,6.83,6.78,6.79,35316266,259404096.000
20120920,6.77,6.79,6.67,6.68,48072062,349808064.000
20120921,6.67,6.71,6.63,6.66,37540673,271098080.000
20120924,6.63,6.66,6.56,6.62,44280628,316830848.000
20120925,6.61,6.63,6.58,6.61,23528437,168346304.000
20120926,6.60,6.63,6.55,6.56,28344266,202126624.000
20120927,6.56,6.81,6.55,6.77,74565209,540842752.000
20120928,6.73,6.84,6.69,6.83,62930106,460162688.000
20121008,6.83,6.87,6.73,6.77,32324563,237702592.000
20121009,6.80,6.93,6.79,6.90,48620078,361695648.000
20121010,6.88,6.91,6.85,6.89,27147361,201761968.000
20121011,6.86,6.88,6.82,6.86,29564294,218797760.000
20121012,6.88,6.95,6.86,6.90,37953795,283061216.000
20121015,6.91,6.92,6.82,6.86,22249339,164793072.000
20121016,6.86,6.97,6.84,6.91,43952520,328313920.000
20121017,6.93,7.03,6.89,7.00,52658490,395714432.000
20121018,7.00,7.10,6.99,7.07,51397333,390882240.000
20121019,7.07,7.08,7.00,7.03,40185550,305185408.000
20121022,6.99,7.13,6.98,7.10,36799861,280112256.000
20121023,7.11,7.13,7.00,7.02,32189190,245356336.000
20121024,7.00,7.08,6.99,7.04,28328508,215116944.000
20121025,7.03,7.07,6.95,6.98,29807495,225449552.000
20121026,6.99,7.02,6.87,6.91,49611207,370899616.000
20121029,6.89,6.94,6.87,6.92,28176827,210091712.000
20121030,6.92,6.98,6.85,6.93,37082866,276344864.000
20121031,6.94,6.98,6.88,6.96,36411101,273109824.000
20121101,6.97,7.15,6.96,7.09,57205114,436219680.000
20121102,7.10,7.15,7.06,7.13,47587494,364830176.000
20121105,7.15,7.23,7.11,7.18,56974001,439602336.000
20121106,7.19,7.19,7.04,7.13,42177128,323024800.000
20121107,7.12,7.18,7.09,7.14,26193792,201366784.000
20121108,7.08,7.11,6.98,6.99,38667163,293900672.000
20121109,6.98,7.04,6.95,6.98,26921255,202868992.000
20121112,6.99,7.09,6.98,7.08,43645487,331521952.000
20121113,7.07,7.07,6.93,6.94,37691617,283805504.000
20121114,6.94,6.98,6.92,6.95,21823216,163644368.000
20121115,6.94,6.95,6.86,6.87,29220009,217739712.000
20121116,6.86,6.86,6.79,6.81,33266319,245149920.000
20121119,6.81,6.85,6.78,6.82,24785310,182453728.000
20121120,6.85,6.86,6.78,6.80,20252986,149215104.000
20121121,6.80,6.93,6.79,6.92,28957627,214374144.000
20121122,6.90,6.93,6.85,6.89,22784842,169442912.000
20121123,6.91,7.01,6.88,6.96,35819826,268999520.000
20121126,6.95,6.99,6.88,6.92,28167480,210337440.000
20121127,6.89,6.97,6.87,6.91,40827533,304729088.000
20121128,6.89,6.95,6.87,6.89,41978767,312815520.000
20121129,6.91,6.92,6.85,6.86,39279397,291914528.000
20121130,6.86,6.93,6.82,6.91,38822287,288486304.000
20121203,6.91,6.92,6.79,6.80,53769233,396827584.000
20121204,6.78,6.91,6.78,6.88,34974819,258840208.000
20121205,6.88,7.37,6.86,7.33,227002022,1764021504.000
20121206,7.32,7.42,7.28,7.34,115134979,910874048.000
20121207,7.38,7.73,7.37,7.71,229249195,1863056896.000
20121210,7.80,7.87,7.71,7.78,215254803,1796312704.000
20121211,7.77,7.82,7.70,7.73,114930761,955761536.000
20121212,7.74,7.94,7.74,7.85,174126970,1463953024.000
20121213,7.80,7.90,7.73,7.74,124094525,1038553792.000
20121214,7.77,8.44,7.77,8.35,344394455,3002867456.000
20121217,8.45,8.56,8.39,8.52,254783070,2298528768.000
20121218,8.46,8.74,8.42,8.59,234880214,2144833792.000
20121219,8.56,8.61,8.43,8.50,176670647,1601205248.000
20121220,8.44,8.52,8.33,8.51,149750877,1346132224.000
20121221,8.51,8.56,8.33,8.42,130820092,1174200064.000
20121224,8.39,8.71,8.39,8.54,134642726,1224943488.000
20121225,8.52,9.01,8.49,8.90,234226689,2200438272.000
20121226,8.91,8.94,8.82,8.91,96013021,904988224.000
20121227,8.91,9.09,8.77,8.84,127847946,1211244288.000
20121228,8.82,9.09,8.82,9.04,119599842,1140200576.000
20121231,9.09,9.41,9.08,9.37,198451648,1956467584.000
20130104,9.55,9.71,9.38,9.47,261436810,2633796608.000
20130107,9.50,9.79,9.46,9.77,248200915,2534161920.000
20130108,9.79,9.80,9.51,9.57,154851189,1573240192.000
20130109,9.54,9.63,9.43,9.59,175906181,1774560384.000
20130110,9.56,9.66,9.44,9.49,121226794,1224888960.000
20130111,9.52,9.57,9.22,9.27,171547464,1709899008.000
20130114,9.20,9.81,9.20,9.80,228634872,2326609920.000
20130115,9.80,9.86,9.67,9.78,134039003,1383536256.000
20130116,9.73,9.77,9.43,9.57,156691872,1588121344.000
20130117,9.50,9.62,9.33,9.48,116672023,1163327232.000
20130118,9.53,9.70,9.42,9.61,129872645,1315677056.000
20130121,9.65,9.89,9.50,9.85,178154882,1826584576.000
20130122,9.83,10.21,9.70,9.93,242222065,2546398208.000
20130123,9.89,10.07,9.82,10.05,155968498,1637582720.000
20130124,10.05,10.49,9.98,10.06,320210498,3446063872.000
20130125,10.05,10.13,9.98,10.11,89716806,951423104.000
20130128,10.11,10.66,10.10,10.63,263089195,2903989248.000
20130129,10.66,10.92,10.56,10.75,191067344,2155684352.000
20130130,10.74,10.81,10.54,10.69,172171454,1933405056.000
20130131,10.69,10.95,10.57,10.93,181147190,2051351296.000
20130201,10.86,11.42,10.76,11.40,223157195,2595572224.000
20130204,11.43,11.72,11.28,11.52,271540507,3269293056.000
20130205,11.36,11.45,11.10,11.32,176944688,2098278656.000
20130206,11.30,11.50,11.17,11.45,133748186,1595335936.000
20130207,11.45,11.47,10.62,10.88,315193605,3634915072.000
20130208,10.85,10.90,10.51,10.79,195904902,2214211072.000
20130218,10.87,10.95,10.64,10.71,119051849,1348960768.000
20130219,10.68,10.76,10.52,10.55,114565262,1279590656.000
20130220,10.55,10.57,10.03,10.26,264523040,2849978368.000
20130221,10.10,10.13,9.45,9.67,290791316,2996527616.000
20130222,9.64,9.79,9.53,9.59,143226433,1463429376.000
20130225,9.66,9.85,9.65,9.77,116274545,1198145536.000
20130226,9.65,10.21,9.60,9.78,238592674,2515148288.000
20130227,9.81,10.15,9.76,9.84,158815735,1662077312.000
20130228,10.00,10.52,9.84,10.51,224658466,2416913152.000
20130301,10.52,10.76,10.25,10.62,223208905,2475460608.000
20130304,10.31,10.35,9.72,9.84,261002023,2758781184.000
20130305,9.81,10.67,9.81,10.52,233607734,2525017088.000
20130306,10.61,10.76,10.41,10.56,205631621,2289024768.000
20130307,10.47,10.55,9.96,10.21,191555154,2072717440.000
20130308,10.26,10.33,10.05,10.16,103046487,1106726784.000
20130311,10.12,10.12,9.86,9.92,94081221,990803392.000
20130312,9.91,10.10,9.63,9.74,132298619,1371021568.000
20130313,9.74,9.87,9.56,9.70,105764431,1083876608.000
20130314,9.85,10.01,9.72,9.90,163419368,1707645824.000
20130315,9.92,10.38,9.83,9.96,214299272,2283442432.000
20130318,9.89,10.09,9.84,9.93,142604467,1499673088.000
20130319,9.92,10.11,9.88,10.10,114470221,1207222528.000
20130320,10.13,10.65,10.10,10.64,253698290,2793678336.000
20130321,10.65,10.73,10.39,10.55,193267919,2143848576.000
20130322,10.46,10.56,10.40,10.51,122824527,1356165888.000
20130325,10.58,10.69,10.45,10.49,89020579,986945856.000
20130326,10.43,10.44,10.10,10.15,126327261,1358261888.000
20130327,10.16,10.40,10.08,10.21,113814685,1225592704.000
20130328,9.65,9.70,9.13,9.47,298069476,2992135424.000
20130329,9.48,9.66,9.36,9.58,131028762,1315731584.000
20130401,9.51,9.65,9.48,9.50,76052116,767292288.000
20130402,9.52,9.62,9.39,9.48,83681538,840890496.000
20130403,9.50,9.60,9.40,9.51,88765772,892637760.000
20130408,9.32,9.44,9.15,9.37,89499064,883268160.000
20130409,9.41,9.57,9.41,9.49,65806596,660726016.000
20130410,9.48,9.49,9.37,9.45,54586848,544630528.000
20130411,9.53,9.57,9.45,9.47,43303750,435013696.000
20130412,9.48,9.51,9.35,9.39,41832297,417375296.000
20130415,9.39,9.44,9.24,9.28,75763623,747795136.000
20130416,9.20,9.28,9.05,9.19,126274720,1224441856.000
20130417,9.19,9.19,8.97,9.04,86278542,829038272.000
20130418,8.91,9.11,8.87,9.08,103421937,985199552.000
20130419,9.10,9.64,9.07,9.59,178675031,1778831232.000
20130422,9.56,9.67,9.55,9.67,123343744,1254891776.000
20130423,9.73,9.74,9.25,9.29,108826815,1083711360.000
20130424,9.31,9.60,9.22,9.48,105005043,1045917568.000
20130425,9.45,9.52,9.27,9.36,74320334,737540032.000
20130426,9.41,9.46,9.30,9.33,52806428,524919904.000
20130502,9.22,9.31,9.11,9.27,80667825,786928384.000
20130503,9.32,9.62,9.28,9.46,109373480,1097528960.000
20130506,9.48,9.66,9.42,9.58,87865272,888293824.000
20130507,9.54,9.55,9.43,9.51,60095952,603143616.000
20130508,9.57,9.65,9.46,9.50,72153519,728615168.000
20130509,9.51,9.53,9.34,9.42,64667334,644949056.000
20130510,9.38,9.51,9.34,9.48,63127003,630968320.000
20130513,9.47,9.56,9.38,9.47,66994306,670319744.000
20130514,9.48,9.50,9.38,9.42,67348057,671548096.000
20130515,9.43,9.47,9.38,9.44,47275904,471747488.000
20130516,9.44,9.61,9.29,9.60,111647303,1120193792.000
20130517,9.60,9.73,9.50,9.69,122955149,1250713216.000
20130520,9.71,9.99,9.65,9.86,156851179,1632285440.000
20130521,9.83,9.87,9.69,9.79,91775245,946356992.000
20130522,9.78,9.83,9.73,9.81,71207689,734819200.000
20130523,9.74,9.78,9.60,9.60,82484743,845485632.000
20130524,9.65,9.73,9.55,9.65,63230983,644944832.000
20130527,9.66,9.78,9.63,9.74,69546991,714504512.000
20130528,9.75,10.01,9.70,10.00,111377099,1160468736.000
20130529,10.03,10.07,9.96,9.97,91459014,966132032.000
20130530,9.93,10.07,9.92,9.99,89454796,942531008.000
20130531,10.01,10.07,9.91,9.92,101875600,1074952832.000
20130603,9.97,10.01,9.81,9.84,83186090,823621312.000
20130604,9.89,9.89,9.70,9.74,60164557,587136128.000
20130605,9.74,9.77,9.60,9.65,56405768,545296064.000
20130606,9.61,9.67,9.42,9.45,72417597,688813184.000
20130607,9.51,9.57,9.32,9.35,72344081,682011584.000
20130613,9.25,9.25,8.91,9.02,127820275,1152185088.000
20130614,9.07,9.07,8.98,9.02,77530686,699500736.000
20130617,9.05,9.10,8.96,9.01,52039165,469144448.000
20130618,9.05,9.12,9.01,9.07,40358845,365844128.000
20130619,9.05,9.05,8.82,8.89,53104791,473179680.000
20130620,8.86,8.86,8.40,8.42,137571510,1178952704.000
20130621,8.31,8.47,8.22,8.28,147442615,1229287040.000
20130624,8.29,8.29,7.50,7.52,249977361,1942163840.000
20130625,7.45,7.84,7.18,7.80,246601203,1856925568.000
20130626,7.90,7.95,7.63,7.77,130788936,1016856704.000
20130627,7.85,7.92,7.70,7.88,125823284,982597056.000
20130628,7.82,8.30,7.76,8.28,157753950,1276035968.000
20130701,8.22,8.27,8.07,8.17,86027064,702497408.000
20130702,8.18,8.22,7.95,8.15,84019573,677872960.000
20130703,8.10,8.11,7.97,8.04,69690313,560255104.000
20130704,8.06,8.28,8.02,8.12,85794489,697456128.000
20130705,8.11,8.22,8.08,8.11,58764344,477728576.000
20130708,8.00,8.05,7.90,7.91,63977579,508688896.000
20130709,7.92,7.96,7.88,7.92,40964528,324418304.000
20130710,7.95,8.13,7.90,8.11,60829122,488041472.000
20130711,8.17,8.92,8.17,8.86,274152438,2369027072.000
20130712,8.76,8.85,8.43,8.49,162211373,1400965632.000
20130715,8.55,8.71,8.41,8.56,103850924,891216128.000
20130716,8.52,8.55,8.41,8.54,78430472,664317056.000
20130717,8.52,8.55,8.38,8.45,79489709,673336896.000
20130718,8.41,8.45,8.16,8.20,99044377,818192320.000
20130719,8.22,8.24,8.02,8.03,76242268,619426688.000
20130722,7.90,7.99,7.82,7.95,95552055,754153152.000
20130723,7.99,8.23,7.94,8.14,115906521,942643008.000
20130724,8.04,8.09,7.90,8.00,87410550,697536448.000
20130725,8.02,8.11,7.96,8.02,62010839,497968416.000
20130726,7.98,8.01,7.94,7.97,42800503,341110304.000
20130729,7.90,7.90,7.71,7.74,84518514,655293184.000
20130730,7.78,7.96,7.74,7.84,68907635,540970752.000
20130731,7.91,8.02,7.82,7.86,50335414,397874848.000
20130801,7.92,8.02,7.87,7.99,58959381,469433184.000
20130802,8.06,8.12,7.97,7.98,57767151,463891776.000
20130805,7.98,8.07,7.95,8.06,53056118,425459712.000
20130806,8.03,8.08,7.98,8.03,82798496,664260288.000
20130807,8.03,8.14,8.00,8.01,68679917,553785280.000
20130808,8.01,8.07,7.95,7.99,54611350,436833728.000
20130809,8.05,8.08,7.96,8.01,55483572,444645248.000
20130812,8.04,8.32,8.01,8.31,142760853,1171789184.000
20130813,8.30,8.43,8.27,8.42,118672580,991814144.000
20130814,8.44,8.53,8.30,8.31,121903670,1025898624.000
20130815,8.31,8.37,8.20,8.22,67134769,556547136.000
20130816,8.17,9.04,8.15,8.31,264712593,2254296064.000
20130819,8.24,8.50,8.23,8.45,124704778,1044624768.000
20130820,8.42,8.78,8.39,8.51,153605678,1314061952.000
20130821,8.53,8.58,8.37,8.45,65732224,554833024.000
20130822,8.41,8.62,8.40,8.44,60326480,513025408.000
20130823,8.54,8.63,8.25,8.42,117530030,995509248.000
20130826,8.45,8.78,8.40,8.74,161720147,1399048064.000
20130827,8.75,9.05,8.70,8.95,224672933,2001682176.000
20130828,8.88,9.15,8.79,9.00,243574963,2194823936.000
20130829,9.11,9.21,8.86,8.92,146496955,1320039168.000
20130830,8.86,9.05,8.76,8.99,129143351,1152526336.000
20130902,9.11,9.29,8.95,8.97,141236900,1281805056.000
20130903,8.96,9.12,8.89,9.09,140383661,1269355904.000
20130904,9.04,9.24,9.03,9.14,142450054,1305299456.000
20130905,9.19,9.19,9.06,9.13,93544409,852833088.000
20130906,9.15,9.87,9.12,9.57,301015112,2850092288.000
20130909,10.28,10.53,10.18,10.53,580189224,6069489664.000
20130910,11.00,11.49,10.77,11.40,1198024109,13328929792.000
20130911,11.21,11.47,11.20,11.27,603551016,6834516480.000
20130912,11.30,12.40,11.16,12.25,1041527543,12498180096.000
20130913,12.08,12.27,11.73,11.91,661646551,7947104256.000
20130916,12.00,12.02,11.23,11.49,699493335,8064946176.000
20130917,11.41,11.48,10.77,10.83,511737943,5694768128.000
20130918,10.95,11.19,10.83,11.00,400172137,4413153792.000
20130923,11.05,11.20,10.80,11.18,453630138,4987201024.000
20130924,11.19,11.20,10.57,10.81,476900620,5154101248.000
20130925,10.74,11.18,10.69,10.78,384146137,4206311424.000
20130926,10.75,10.76,10.07,10.17,448493838,4639913984.000
20130927,10.11,10.33,10.05,10.24,243782409,2485876736.000
20130930,10.34,10.37,10.02,10.09,256510906,2609512448.000
20131008,10.03,10.33,9.88,10.23,258444174,2618477312.000
20131009,10.10,10.46,10.07,10.27,244015218,2503190528.000
20131010,10.30,10.35,9.93,9.98,249225016,2508886016.000
20131011,10.10,10.65,10.00,10.55,441961264,4582589952.000
20131014,10.45,10.50,10.25,10.29,274009307,2834786560.000
20131015,10.30,10.35,10.02,10.11,212323978,2155489536.000
20131016,10.09,10.09,9.82,9.91,217322904,2160308480.000
20131017,10.01,10.07,9.81,9.82,145253461,1440499456.000
20131018,9.82,10.06,9.80,9.88,129849775,1290361088.000
20131021,9.95,10.16,9.80,10.12,211850917,2123854848.000
20131022,10.11,10.11,9.86,9.93,156011435,1554175488.000
20131023,9.95,10.35,9.91,10.02,260513178,2639944192.000
20131024,9.96,10.16,9.82,9.98,170003394,1700451840.000
20131025,10.01,10.26,9.99,10.07,256524257,2593128960.000
20131028,10.08,10.22,9.92,10.15,164098118,1650688512.000
20131029,10.22,10.69,10.18,10.48,494214050,5150564352.000
20131030,10.48,10.62,10.31,10.59,301165849,3162162432.000
20131031,10.58,10.60,10.31,10.33,211637554,2206625536.000
20131101,10.32,10.53,10.23,10.42,164057262,1704932224.000
20131104,10.48,10.54,10.26,10.30,138786390,1438550528.000
20131105,10.22,10.25,10.04,10.20,172536527,1747250944.000
20131106,10.07,10.20,10.00,10.03,151026564,1522867072.000
20131107,10.08,10.19,9.97,10.05,114983822,1158380416.000
20131108,10.02,10.10,9.93,9.98,110388788,1104891648.000
20131111,9.99,10.02,9.90,9.97,79759246,793983232.000
20131112,10.01,10.19,10.00,10.12,119655182,1209294464.000
20131113,10.04,10.05,9.63,9.64,208714474,2049839104.000
20131114,9.60,9.68,9.39,9.49,169111025,1601513600.000
20131115,9.49,9.85,9.48,9.68,180564555,1753424256.000
20131118,9.75,10.11,9.66,10.10,231275931,2289353984.000
20131119,10.10,10.10,9.95,9.97,128516630,1286050560.000
20131120,10.01,10.18,9.97,10.05,125986570,1265362944.000
20131121,10.00,10.08,9.78,10.07,172340745,1708643968.000
20131122,10.05,10.11,9.98,10.06,131116961,1317526656.000
20131125,9.99,10.11,9.92,9.93,96767050,967272320.000
20131126,9.90,10.03,9.88,9.90,72857686,724350720.000
20131127,9.87,10.08,9.76,9.93,134357122,1332415744.000
20131128,9.95,10.06,9.90,9.96,121839005,1217508480.000
20131129,10.06,10.12,9.96,9.99,112491968,1128740864.000
20131202,10.10,10.34,9.99,10.32,408952609,4162905344.000
20131203,10.27,10.34,10.14,10.26,178953713,1832350208.000
20131204,10.24,10.57,10.20,10.40,283303320,2951386624.000
20131205,10.40,10.44,10.28,10.35,150565456,1557557504.000
20131206,10.34,10.34,10.13,10.22,157734044,1611228672.000
20131209,10.21,10.25,10.08,10.11,111336390,1127426944.000
20140325,9.80,9.80,9.80,9.80,0,0.000
数据来源:通达信
